02,06,08,15
02,14,14,15,15,15,16,16,16,16
02,05,15
02,05,15
02,07,15,15,16
02,05,15
02,05,15
02,05,15
02,04,06,15
02,04,05,11,15,15
02,05,15
02,04,05,06,15,16
02,07,15,16
02,15,15
02,08,15
02,05,15
01,04,05,06,07,15
02,08,15
02,06,15
02,05,07,07,15
01,06,08,08,15
02,05,15
02,04,05,06,15
02,06,08,08,08,08,15
02,05,15
02,04,05,11,15
02,07,07,15
02,11,15
02,05,07,07,15
02,06,08,08,15
02,06,08,15
02,06,06,08,15
02,04,05,06,15
02,06,15
02,15,15,15
01,15
02,05,07,15,15
02,05,06,15
02,06,08,15
02,05,15
02,05,15
02,06,08,08,15
02,05,07,07,07,15
02,07,07,07,15
02,06,06,15,16,16
02,06,08,08,15
02,05,10,12,15
02,04,05,06,11,15
02,04,05,06,08,15
02,05,15
02,05,15
02,04,05,06,14,15
02,08,15
01,04,05,06,15
02,06,08,08,15
02,06,08,08,15
02,04,05,06,15
02,07,07,15
02,11,11,15
02,04,05,06,15
02,04,06,15
02,05,06,15
02,05,07,07,15
02,10,15
02,04,06,08,15
02,05,06,15
02,11,15
02,05,15
02,05,08,15
02,06,15
02,04,05,06,15
02,06,08,15
02,04,05,06,08,15
02,05,06,15
02,06,07,08,08,15
02,04,05,06,15
02,05,07,07,15
02,04,15
02,05,15
02,06,08,15
02,05,07,07,15
02,05,06,15
02,05,11,15
02,11
02,11
02,04,05,06,14,15
02,04,06,06,08,15
01,06,08,08,15
02,05,06,15
02,06,15
02,04,05,06,15
02,05,15
02,06,08,15
02,04,06,08,15
02,06,08,15,16
02,08,15
02,04,06,11,15
02,06,08,14,15
02,04,06,08,15
02,04,06,15
02,08,15
01,06,14,15
02,06,08,15
02,06,08,15,16
02,06,14,15
02,04,08,11,15
02,04,15
02,06,06,14,15
02,04,05,08,15
02,04,05,06,10,10,11,15
02,04,05,15
02,04,06,11,15,15
02,04,05,06,08,15
02,04,05,11,15
02,04,05,11,15
02,06,06,14,15
02,06,08,14,15,16
02,06,08,08,15
02,06,08,15
02,04,05,15
01,15
02,04,05,11,15
01,04,05,15
02,06,06,07,10,15
02,06,06,08,15
02,04,11,15
02,04,05,11,15
02,04,05,06,08,15
02,04,06,08,15
02,04,05,06,11,15
02,08,15
02,06,08,15
02,05,08,11,15
02,07,15
02,06,08,15
02,06,08,15
02,04,05,06,10,11,15
02,05,15
02,04,11,15
02,05,06,08,10,11,15
02,06,08,15
02,04,06,08,12,14,15
02,04,05,06,15
02,06,08,15
02,08,15,16
02,04,05,06,07,15
02,06,10,15
02,07,07,07,15
02,04,05,06,15,16
02,04,05,06,06,15
02,05,08,15
02,15
02,04,11,15
02,04,05,06,15
02,08,15
02,05,07,08,15
02,05,06,15
01,08,15
02,04,06,08,15
01,15,16
02,04,05,06,11,15
02,04,05,06,08,14,15
02,05,08,15
02,04,05,06,07,11,15
02,06,15
02,06,15
02,06,08,15
01,08,15
02,05,07,08,15
01,08,15
02,04,05,08,15
02,04,05,06,15
02,04,09,11,15
02,06,14,15
02,06,06,08,15
02,04,05,06,15
02,05,08,11,15
02,04,05,06,11,15,15
02,08,15
02,05,08,11,15
02,04,05,06,10,11,15
02,04,05,11,15
02,06,14,15
02,04,06,15
02,06,08,08,08,15,16
02,06,08,15
02,04,05,07,08,15
02,06,08,15
03,04,05,11,15
01,08,15
02,04,11,15
02,05,06,07,15
02,08,15
02,15,16
02,04,05,06,11,15
02,06,08,15
02,15
02,06,08,15
02,04,05,11,15
02,05,06,11,15
02,05,07,07,11,15
02,04,05,11,15
02,06,08,15,16
02,06,14,15
02,15
02,08,15
02,08,15
02,15,16,17
02,04,05,07,11,15,15
02,08,15
02,07,15
02,08,15
02,07,11,15
01,06,08,15
02,04,05,06,11,15
02,08,15
02,04,05,06,15,17
02,06,08,15
02,08,15,16
02,06,08,15
02,14,14,15,16,16
02,05,11,15
02,08,15
02,04,05,06,08,08,11,15
02,05,06,15
02,04,05,06,08,08,11,11,15
02,04,11,15,16
02,06,08,15
02,07,15,16
02,05,06,11,15
02,06,08,15
02,07,15,15,16
02,15
02,04,05,06,08,08,15
02,05,06,07,07,15
02,11,15,16
02,06,08,08,15
02,04,05,08,11,14,15,17
02,04,05,06,08,08,08,15
01,15,16,16
02,05,06,08,11,15
02,06,15
02,06,15
02,10,15,16
02,06,08,15
02,06,08,15
02,06,08,15
02,06,08,08,15
02,04,05,11,15
02,04,05,11,15
02,10,15
02,15,16
02,05,15
02,06,11,15
02,05,05,07,15
02,08,08,15
01,04,05,06,11,15
02,06,15,16
02,06,08,15
02,05,11,15
02,06,08,15
02,06,08,15
02,06,08,15
02,06,08,15,16
02,06,08,15
02,15,16
02,04,11,15
02,04,05,11,15
03,07,11,15,16
02,06,08,15
02,08,15
02,04,05,06,08,08,15
02,15
02,04,05,06,11,15
02,05,06,07,15
02,04,05,11,15
02,05,11,15
02,08,15
02,08,15
02,08,15
02,05,06,08,15
02,06,08,15
02,06,08,15
02,04,05,08,11,15
02,08,15
02,05,07,08,15
02,05,11,15
02,08,15,15
02,08,15
01,01,15
02,04,05,15
02,04,08,11,15
02,04,05,14,15
02,04,08,11,15
02,05,15
02,04,05,11,15
02,07,15
02,04,05,07,15
02,04,05,08,08,15
02,04,07,07,07,15
02,04,15
02,04,05,07,08,15
02,04,05,14,15,16
02,04,05,15
02,05,06,08,15
02,04,08,08,15,15
02,04,05,07,15
02,04,05,11,15
02,04,05,07,08,10,11,15
02,04,05,07,08,10,11,15
02,05,08,15
02,04,15
02,08,15
02,05,15
02,04,05,07,15
02,04,05,11,12,12,12,14,15,15,15
02,04,05,11,12,14,15,17
02,04,06,08,15
02,04,05,06,08,08,15
02,04,05,08,11,15
02,04,06,08,15
02,04,05,10,15
02,04,07,14,15
02,15
02,04,05,15
02,04,05,08,10,11,11,14,15,15
02,04,05,08,10,11,15
02,04,05,15
02,04,05,11,15
02,04,10,14,15
02,05,07,10,15
02,04,15
02,07,15,15
02,05,07,15
02,04,05,08,15
02,04,05,08,15
02,04,15
01,08,14,15
01,04,05,08,15
02,08,15
02,04,05,08,15
02,08,15
02,05,06,08,15
01,05,15
01,15,15
02,04,08,15,15,15
02,05,07,10,15
02,05,08,15
02,04,05,15
02,04,05,08,15
02,04,06,08,15
02,04,11,15
02,04,07,15
02,05,10,11,15
02,05,05,05,08,10,11,15
02,04,05,11,15
02,04,05,15
02,05,07,15
01,15
02,08,15
02,15
01,15
02,04,05,06,08,15
02,08,15
01,07,15
02,08,15
02,08,15
02,04,05,14,15
02,04,05,07,15,15,15,15,15
02,04,05,08,15
02,15,16,16,17
02,05,05,07,15
02,05,07,10,15
02,04,11,15
02,08,14,15
02,07,15
02,05,08,15
02,04,05,06,08,15
02,05,06,08,10,11,15
02,05,08,15
02,04,06,08,08,15,15
02,05,07,15
02,04,05,08,10,11,15
02,05,11,15
02,05,06,08,14,15
03,08,08,15,15
03,15,15
03,05,08,15,16
03,08,14,15,17
02,15
03,04,05,06,08,11,15
03,05,06,08,14,15
03,04,05,06,14,15
03,05,06,08,15,17
03,04,04,05,06,06,07,11,11,15,15
03,08,11,15
03,06,08,11,14,15
03,05,06,08,08,15,16
03,05,06,06,08,10,11,15
01,15
03,05,06,14,15
02,07,07,10,10,10,11,11,11,11,15,16
03,05,06,08,14,15
03,06,08,11,14,15
03,04,05,06,08,11,11,15
01,15,15,15,15,15
03,05,06,08,15,16
03,05,06,08,15,16
02,05,07,07,07,07,11,11,15
02,04,05,06,10,11,15
03,04,05,07,11,15,16
01,15,15,15,15
02,05,06,14,15
02,06,08,08,14,15
03,06,08,11,14,15
03,04,05,06,11,15
03,04,05,11,11,15
03,05,06,08,14,15
03,05,08,15
03,05,06,08,14,15
02,05,06,14,15
03,05,06,08,15,17
03,06,11,14,15
03,05,06,08,11,14,15
03,05,06,08,11,15
03,04,05,06,08,11,15
03,06,08,08,14,15
03,04,05,06,11,15
03,06,08,14,15
03,04,05,06,08,11,15
03,06,08,08,14,15
02,06,08,11,14,15
03,06,08,10,11,14,15
03,04,05,06,11,15
03,06,08,14,15
03,11,14,15,16
01,06,15,16
03,04,05,06,11,15
01,05,06,15
03,05,06,08,15
03,05,06,08,14,15
01,15
02,04,05,06,10,15
02,04,06,08,10,11,15
03,04,05,06,11,15
03,04,05,10,11,15
03,05,06,08,11,15,16
03,04,05,06,11,15
03,05,06,14,15
03,04,05,06,08,11,15
02,06,08,14,15
03,04,05,06,10,11,15
03,04,05,11,15,16
02,06,08,15,15
03,04,05,11,11,15
03,05,06,07,11,15
03,05,06,08,08,11,14,15
03,08,11,15
01,15
01,14,15
03,04,05,06,11,15
02,05,06,08,14,15
03,15,17
03,04,05,06,08,15,16,17
02,04,05,06,08,10,11,15
03,05,06,08,15,16
03,15
03,14,15,16
03,04,05,08,11,15
03,04,05,06,11,15
02,06,08,15
03,15
03,15
03,04,05,06,11,15,16
03,15
03,08,15
03,04,05,08,11,15
03,05,10,11,15,16
03,05,06,14,15
03,05,05,06,15,16
02,07,14,15,16
02,04,05,08,11,15
02,06,08,15
02,07,11,15,16
02,08,14,15
01,14,15,15
02,04,05,11,11,14,15
02,06,15,16
02,06,08,14,15
02,08,14,14,15
02,08,14,14,15,15
02,07,11,15,15
02,04,05,11,11,15
02,14,14,14,15
02,05,07,07,11,11,15
02,14,15,15,16
02,07,11,11,15
02,07,11,15
02,11,15
02,07,07,07,08,11,15,15
01,08,14,15
02,07,07,11,15,16
02,05,07,11,15
01,14,15
01,08,14,15
02,05,07,11,15
01,01,02,14,14,15,15
02,04,08,11,11,15
01,15,17
03,05,06,08,11,11,15,16
02,05,07,11,15
02,07,11,15
02,07,07,11,11,15
02,14,15
02,04,06,11,11,15
03,15
01,08,14,15
02,14,15,15,16
02,08,15
02,04,04,08,11,11,15
02,14,15
02,08,14,15
02,08,15
01,15,17
02,04,05,11,11,15
02,04,05,08,11,11,11,15
02,07,07,15,16
03,07,07,15,16,17
02,06,08,08,14,15
02,11,15,16
02,07,11,15
02,07,07,11,11,15
02,07,11,15
02,15
02,08,14,15
02,04,08,11,15
02,04,06,11,11,15
02,15
02,04,05,06,11,15
02,07,07,11,11,15
02,05,11,15
01,14,15
02,05,09,11,11,15
03,04,05,11,14,15
02,07,11,15
02,04,05,11,11,15
02,07,15
02,15
02,07,11,15
02,05,07,08,14,15
02,04,05,14,15
02,15
02,08,14,15,16
02,06,08,14,15,16
02,07,07,08,11,15,16
01,08,14,15
02,04,08,11,15,16
02,04,05,11,11,14,15
01,08,14,15
02,04,05,08,11,15
02,05,07,11,15
02,04,05,06,08,11,11,14,15
02,06,08,14,15
02,07,11,15
02,08,14,14,15,15
01,02,15
02,08,14,15
02,06,15,15,16,16
02,05,07,07,11,14,15
02,06,07,14,15
02,05,07,11,15
02,11,14,15
02,04,08,11,14,15
02,05,08,11,14,15
02,04,08,11,15
02,08,14,15
02,05,05,06,08,11,11,12,14,15,15,16
02,05,06,08,11,12,14,15
02,08,10,15
02,06,08,15
02,04,06,08,15
02,04,05,15
02,04,07,08,10,15
02,08,15
02,04,07,07,07,15
02,14,15
02,04,10,15
02,06,08,15
02,06,08,15
02,15,16
02,06,15
02,15
02,15
02,06,08,15
01,08,15,16
02,14,15
02,04,11,15
02,04,05,15
02,04,10,11,15
02,04,15
02,04,05,15
02,04,06,08,15
02,06,08,15
02,06,08,15
02,04,07,08,15
02,10,15
02,06,08,15
02,06,08,15
02,04,05,08,08,15
02,08,15
02,10,15
02,04,05,15
02,10,15
02,08,14,15,16
02,14,14,15
02,05,15
02,06,08,15
02,06,08,15
02,04,05,08,15
02,15
02,04,05,15
02,04,10,11,15
02,04,05,15
02,04,05,10,11,15
02,04,06,08,15
02,04,05,11,15
02,05,07,15
02,06,08,15
02,04,15,17
02,04,05,15
02,04,05,15
02,05,07,15
02,05,07,15
02,07,15,16
02,04,10,15
02,05,15
02,06,08,15
02,07,07,15
02,04,10,15
02,15,15,15,16
02,04,07,15
02,06,08,15
02,07,08,15
02,04,10,15
02,04,05,11,15
02,06,08,15
02,04,05,15
02,04,05,07,08,10,15
02,04,05,15
02,04,15
02,07,07,15
02,15
02,15,16,16,16
02,04,11,15
02,04,05,11,15
02,06,08,15
02,04,05,08,15
02,04,05,11,15
02,06,08,15
02,08,10,15
02,04,11,15
02,14,14,15
02,04,08,15
02,04,11,15
02,04,07,15
02,04,05,15
02,04,05,15
02,05,15
02,04,08,15
02,04,15
02,04,05,11,15
02,04,05,15
02,10,15